<?xml version="1.0" encoding="utf-8"?>
<COLLADA xmlns="http://www.collada.org/2005/11/COLLADASchema" version="1.4.1">
  <asset><contributor><author>Mixamo</author><authoring_tool>COLLADA Mixamo exporter</authoring_tool><comments></comments></contributor><created>2020-12-10T01:48:23Z</created><modified>2020-12-10T01:48:23Z</modified><revision></revision><title></title><unit meter="0.010000"/><up_axis>Y_UP</up_axis></asset>
  <library_animations>
    <animation id="mixamorig_Hips-anim" name="mixamorig_Hips"><source id="mixamorig_Hips-Matrix-animation-input"><float_array id="mixamorig_Hips-Matrix-animation-input-array" count="30">

0.000000 0.033333 0.066667 0.100000 0.133333 0.166667 0.200000 0.233333 0.266667 0.300000 0.333333 0.366667 0.400000 0.433333 0.466667 0.500000
0.533333 0.566667 0.600000 0.633333 0.666667 0.700000 0.733333 0.766667 0.800000 0.833333 0.866667 0.900000 0.933333 0.966667</float_array><technique_common><accessor source="#mixamorig_Hips-Matrix-animation-input-array" count="30"><param name="TIME" type="float"/></accessor></technique_common></source><source id="mixamorig_Hips-Matrix-animation-output-transform"><float_array id="mixamorig_Hips-Matrix-animation-output-transform-array" count="480">

0.981304 0.079346 0.175349 0.609881 -0.081431 0.996668 0.004713 101.725296 -0.174390 -0.018904 0.984495 1.335033 0.000000 0.000000 0.000000 1.000000
0.987098 0.062424 0.147445 0.818013 -0.061791 0.998050 -0.008874 102.008705 -0.147712 -0.000351 0.989030 6.753331 0.000000 0.000000 0.000000 1.000000
0.993507 0.042369 0.105589 1.073034 -0.040026 0.998905 -0.024216 101.775810 -0.106499 0.019833 0.994115 12.186963 0.000000 0.000000 0.000000 1.000000
0.998215 0.017570 0.057083 1.356105 -0.015433 0.999171 -0.037672 101.256592 -0.057698 0.036724 0.997658 17.718033 0.000000 0.000000 0.000000 1.000000
0.999945 -0.000949 0.010488 1.624099 0.001414 0.999013 -0.044400 100.594864 -0.010436 0.044413 0.998959 23.454464 0.000000 0.000000 0.000000 1.000000
0.999592 -0.003893 -0.028283 1.872309 0.002673 0.999070 -0.043026 99.801231 0.028425 0.042933 0.998674 29.463669 0.000000 0.000000 0.000000 1.000000
0.998193 -0.001916 -0.060058 2.259877 -0.000579 0.999138 -0.041501 98.622963 0.060086 0.041461 0.997332 35.765011 0.000000 0.000000 0.000000 1.000000
0.996912 -0.008259 -0.078093 2.612829 0.004998 0.999111 -0.041862 97.609207 0.078369 0.041342 0.996067 41.870037 0.000000 0.000000 0.000000 1.000000
0.996544 -0.028443 -0.078046 3.016147 0.025711 0.999029 -0.035788 97.783081 0.078988 0.033657 0.996307 47.931538 0.000000 0.000000 0.000000 1.000000
0.996226 -0.042763 -0.075531 3.463717 0.041212 0.998909 -0.021974 98.100159 0.076388 0.018779 0.996901 54.371693 0.000000 0.000000 0.000000 1.000000
0.995389 -0.063384 -0.071997 4.055838 0.062634 0.997957 -0.012636 98.548882 0.072650 0.008068 0.997325 60.631908 0.000000 0.000000 0.000000 1.000000
0.994774 -0.083493 -0.058773 4.706168 0.083375 0.996508 -0.004465 99.270775 0.058940 -0.000459 0.998261 66.495407 0.000000 0.000000 0.000000 1.000000
0.993151 -0.104971 -0.051304 5.129624 0.105157 0.994455 0.000933 99.946884 0.050921 -0.006322 0.998683 71.773483 0.000000 0.000000 0.000000 1.000000
0.991940 -0.114739 -0.053766 5.312515 0.115005 0.993363 0.001860 100.709801 0.053196 -0.008028 0.998552 76.828102 0.000000 0.000000 0.000000 1.000000
0.991973 -0.111753 -0.059166 5.259586 0.112058 0.993700 0.001842 101.468452 0.058587 -0.008458 0.998246 81.877251 0.000000 0.000000 0.000000 1.000000
0.993471 -0.103815 -0.047303 5.101523 0.103667 0.994596 -0.005565 101.808197 0.047625 0.000625 0.998865 86.981255 0.000000 0.000000 0.000000 1.000000
0.996100 -0.085968 -0.019881 4.868002 0.085692 0.996218 -0.014339 101.977318 0.021039 0.012579 0.999700 92.264908 0.000000 0.000000 0.000000 1.000000
0.998190 -0.058374 0.014497 4.483479 0.058651 0.998089 -0.019469 101.967697 -0.013333 0.020284 0.999705 97.627785 0.000000 0.000000 0.000000 1.000000
0.998219 -0.037129 0.046700 4.122300 0.038053 0.999094 -0.019061 101.572052 -0.045950 0.020804 0.998727 103.161568 0.000000 0.000000 0.000000 1.000000
0.996321 -0.030773 0.079987 3.733880 0.031852 0.999418 -0.012245 100.646561 -0.079564 0.014747 0.996721 109.091499 0.000000 0.000000 0.000000 1.000000
0.992953 -0.028710 0.114980 3.385533 0.029996 0.999505 -0.009474 98.972313 -0.114651 0.012856 0.993323 114.937271 0.000000 0.000000 0.000000 1.000000
0.989765 -0.022845 0.140864 3.034314 0.023533 0.999718 -0.003224 97.923859 -0.140751 0.006506 0.990024 120.791473 0.000000 0.000000 0.000000 1.000000
0.988796 -0.010074 0.148934 2.659565 0.009709 0.999948 0.003179 97.709213 -0.148958 -0.001698 0.988842 126.672028 0.000000 0.000000 0.000000 1.000000
0.988408 0.001851 0.151811 2.180007 -0.003147 0.999961 0.008301 97.975563 -0.151790 -0.008683 0.988375 132.673630 0.000000 0.000000 0.000000 1.000000
0.988070 0.019461 0.152768 1.627216 -0.021573 0.999693 0.012178 98.271912 -0.152485 -0.015328 0.988187 138.712311 0.000000 0.000000 0.000000 1.000000
0.988366 0.037586 0.147379 1.067533 -0.039570 0.999161 0.010557 98.640915 -0.146859 -0.016266 0.989024 144.468765 0.000000 0.000000 0.000000 1.000000
0.987687 0.059935 0.144510 0.676226 -0.061366 0.998100 0.005465 99.180260 -0.143908 -0.014266 0.989488 149.511124 0.000000 0.000000 0.000000 1.000000
0.985049 0.080704 0.152201 0.495319 -0.081796 0.996649 0.000918 100.206337 -0.151617 -0.013354 0.988349 154.173233 0.000000 0.000000 0.000000 1.000000
0.981278 0.087253 0.171697 0.484512 -0.088768 0.996052 0.001147 101.121712 -0.170919 -0.016366 0.985149 158.723923 0.000000 0.000000 0.000000 1.000000
0.981304 0.079347 0.175349 0.609882 -0.081431 0.996668 0.004713 101.725281 -0.174390 -0.018904 0.984495 163.374481 0.000000 0.000000 0.000000 1.000000</float_array><technique_common><accessor source="#mixamorig_Hips-Matrix-animation-output-transform-array" count="30" stride="16"><param type="float4x4"/></accessor></technique_common></source><source id="mixamorig_Hips-Interpolations"><Name_array id="mixamorig_Hips-Interpolations-array" count="30">
 LINEAR LINEAR LINEAR LINEAR LINEAR LINEAR LINEAR LINEAR LINEAR LINEAR LINEAR
LINEAR LINEAR LINEAR LINEAR LINEAR LINEAR LINEAR LINEAR LINEAR LINEAR LINEAR LINEAR
LINEAR LINEAR LINEAR LINEAR LINEAR LINEAR LINEAR</Name_array><technique_common><accessor source="#mixamorig_Hips-Interpolations-array" count="30"><param type="name"/></accessor></technique_common></source><sampler id="mixamorig_Hips-Matrix-animation-transform"><input semantic="INPUT" source="#mixamorig_Hips-Matrix-animation-input"/><input semantic="OUTPUT" source="#mixamorig_Hips-Matrix-animation-output-transform"/><input semantic="INTERPOLATION" source="#mixamorig_Hips-Interpolations"/></sampler><channel source="#mixamorig_Hips-Matrix-animation-transform" target="mixamorig_Hips/matrix"/></animation>
    <animation id="mixamorig_Spine-anim" name="mixamorig_Spine"><source id="mixamorig_Spine-Matrix-animation-input"><float_array id="mixamorig_Spine-Matrix-animation-input-array" count="30">

0.000000 0.033333 0.066667 0.100000 0.133333 0.166667 0.200000 0.233333 0.266667 0.300000 0.333333 0.366667 0.400000 0.433333 0.466667 0.500000
0.533333 0.566667 0.600000 0.633333 0.666667 0.700000 0.733333 0.766667 0.800000 0.833333 0.866667 0.900000 0.933333 0.966667</float_array><technique_common><accessor source="#mixamorig_Spine-Matrix-animation-input-array" count="30"><param name="TIME" type="float"/></accessor></technique_common></source><source id="mixamorig_Spine-Matrix-animation-output-transform"><float_array id="mixamorig_Spine-Matrix-animation-output-transform-array" count="480">

0.998126 -0.059693 -0.013500 0.000000 0.059021 0.997212 -0.045657 10.181600 0.016188 0.044775 0.998866 0.131500 0.000000 0.000000 0.000000 1.000000
0.998756 -0.049657 -0.004544 -0.000000 0.049445 0.998025 -0.038748 10.181600 0.006459 0.038475 0.999239 0.131500 0.000000 0.000000 0.000000 1.000000
0.999293 -0.037258 0.005005 0.000000 0.037393 0.998839 -0.030355 10.181600 -0.003868 0.030521 0.999527 0.131500 0.000000 0.000000 0.000000 1.000000
0.999563 -0.026881 0.012310 -0.000000 0.027170 0.999344 -0.023960 10.181600 -0.011658 0.024284 0.999637 0.131500 0.000000 0.000000 0.000000 1.000000
0.999515 -0.024439 0.019319 0.000000 0.024807 0.999511 -0.019055 10.181600 -0.018844 0.019525 0.999632 0.131500 0.000000 0.000000 0.000000 1.000000
0.998907 -0.036553 0.029137 0.000000 0.036960 0.999225 -0.013564 10.181600 -0.028619 0.014626 0.999483 0.131500 0.000000 0.000000 0.000000 1.000000
0.997793 -0.052514 0.040644 0.000000 0.052579 0.998617 -0.000540 10.181600 -0.040559 0.002675 0.999174 0.131500 0.000000 0.000000 0.000000 1.000000
0.997971 -0.048153 0.041644 0.000000 0.048209 0.998837 -0.000329 10.181600 -0.041579 0.002336 0.999132 0.131500 0.000000 0.000000 0.000000 1.000000
0.999187 -0.023121 0.033022 0.000000 0.023395 0.999695 -0.007954 10.181600 -0.032828 0.008720 0.999423 0.131500 0.000000 0.000000 0.000000 1.000000
0.999592 -0.006654 0.027779 0.000000 0.007093 0.999851 -0.015751 10.181600 -0.027671 0.015942 0.999490 0.131500 0.000000 0.000000 0.000000 1.000000
0.999721 0.005216 0.023040 -0.000000 -0.004564 0.999590 -0.028263 10.181600 -0.023178 0.028150 0.999335 0.131500 0.000000 0.000000 0.000000 1.000000
0.999812 0.012826 0.014561 -0.000000 -0.012198 0.999028 -0.042365 10.181600 -0.015090 0.042180 0.998996 0.131500 0.000000 0.000000 0.000000 1.000000
0.999714 0.021726 0.010030 -0.000000 -0.021146 0.998279 -0.054696 10.181600 -0.011201 0.054468 0.998453 0.131500 0.000000 0.000000 0.000000 1.000000
0.999722 0.022013 0.008470 0.000000 -0.021423 0.997694 -0.064398 10.181600 -0.009868 0.064199 0.997888 0.131500 0.000000 0.000000 0.000000 1.000000
0.999814 0.018573 0.005244 0.000000 -0.018154 0.997314 -0.070963 10.181600 -0.006548 0.070855 0.997465 0.131500 0.000000 0.000000 0.000000 1.000000
0.999886 0.014908 -0.002552 0.000000 -0.015046 0.997587 -0.067771 10.181600 0.001535 0.067802 0.997698 0.131500 0.000000 0.000000 0.000000 1.000000
0.999925 0.005080 -0.011178 0.000000 -0.005713 0.998337 -0.057366 10.181600 0.010868 0.057425 0.998291 0.131500 0.000000 0.000000 0.000000 1.000000
0.999784 -0.008581 -0.018944 -0.000000 0.007679 0.998855 -0.047230 10.181600 0.019327 0.047074 0.998704 0.131500 0.000000 0.000000 0.000000 1.000000
0.999584 -0.012739 -0.025894 0.000000 0.011727 0.999175 -0.038877 10.181600 0.026368 0.038557 0.998908 0.131500 0.000000 0.000000 0.000000 1.000000
0.999300 0.001002 -0.037387 -0.000000 -0.002153 0.999525 -0.030747 10.181600 0.037338 0.030806 0.998828 0.131500 0.000000 0.000000 0.000000 1.000000
0.998653 0.015589 -0.049499 0.000000 -0.016713 0.999610 -0.022375 10.181600 0.049131 0.023172 0.998524 0.131500 0.000000 0.000000 0.000000 1.000000
0.998511 0.014252 -0.052658 0.000000 -0.015592 0.999562 -0.025141 10.181600 0.052277 0.025924 0.998296 0.131500 0.000000 0.000000 0.000000 1.000000
0.998890 -0.002645 -0.047020 0.000000 0.001288 0.999582 -0.028879 10.181600 0.047076 0.028787 0.998476 0.131500 0.000000 0.000000 0.000000 1.000000
0.998953 -0.017223 -0.042392 0.000000 0.015985 0.999441 -0.029366 10.181600 0.042874 0.028657 0.998669 0.131500 0.000000 0.000000 0.000000 1.000000
0.998836 -0.028897 -0.038615 0.000000 0.027663 0.999101 -0.032128 10.181600 0.039509 0.031022 0.998738 0.131500 0.000000 0.000000 0.000000 1.000000
0.998619 -0.041383 -0.032378 0.000000 0.040259 0.998589 -0.034631 10.181600 0.033765 0.033280 0.998876 0.131500 0.000000 0.000000 0.000000 1.000000
0.998216 -0.053569 -0.026355 0.000000 0.052617 0.997980 -0.035587 10.181600 0.028208 0.034137 0.999019 0.131500 0.000000 0.000000 0.000000 1.000000
0.997835 -0.061404 -0.023548 0.000000 0.060610 0.997614 -0.033046 10.181600 0.025521 0.031548 0.999176 0.131500 0.000000 0.000000 0.000000 1.000000
0.997801 -0.063154 -0.020128 0.000000 0.062318 0.997264 -0.039757 10.181600 0.022583 0.038416 0.999007 0.131500 0.000000 0.000000 0.000000 1.000000
0.998125 -0.059693 -0.013500 0.000000 0.059021 0.997212 -0.045657 10.181600 0.016188 0.044775 0.998866 0.131500 0.000000 0.000000 0.000000 1.000000</float_array><technique_common><accessor source="#mixamorig_Spine-Matrix-animation-output-transform-array" count="30" stride="16"><param type="float4x4"/></accessor></technique_common></source><source id="mixamorig_Spine-Interpolations"><Name_array id="mixamorig_Spine-Interpolations-array" count="30">
 LINEAR LINEAR LINEAR LINEAR LINEAR LINEAR LINEAR LINEAR LINEAR LINEAR LINEAR
LINEAR LINEAR LINEAR LINEAR LINEAR LINEAR LINEAR LINEAR LINEAR LINEAR LINEAR LINEAR
LINEAR LINEAR LINEAR LINEAR LINEAR LINEAR LINEAR</Name_array><technique_common><accessor source="#mixamorig_Spine-Interpolations-array" count="30"><param type="name"/></accessor></technique_common></source><sampler id="mixamorig_Spine-Matrix-animation-transform"><input semantic="INPUT" source="#mixamorig_Spine-Matrix-animation-input"/><input semantic="OUTPUT" source="#mixamorig_Spine-Matrix-animation-output-transform"/><input semantic="INTERPOLATION" source="#mixamorig_Spine-Interpolations"/></sampler><channel source="#mixamorig_Spine-Matrix-animation-transform" target="mixamorig_Spine/matrix"/></animation>
    <animation id="mixamorig_Spine1-anim" name="mixamorig_Spine1"><source id="mixamorig_Spine1-Matrix-animation-input"><float_array id="mixamorig_Spine1-Matrix-animation-input-array" count="30">

0.000000 0.033333 0.066667 0.100000 0.133333 0.166667 0.200000 0.233333 0.266667 0.300000 0.333333 0.366667 0.400000 0.433333 0.466667 0.500000
0.533333 0.566667 0.600000 0.633333 0.666667 0.700000 0.733333 0.766667 0.800000 0.833333 0.866667 0.900000 0.933333 0.966667</float_array><technique_common><accessor source="#mixamorig_Spine1-Matrix-animation-input-array" count="30"><param name="TIME" type="float"/></accessor></technique_common></source><source id="mixamorig_Spine1-Matrix-animation-output-transform"><float_array id="mixamorig_Spine1-Matrix-animation-output-transform-array" count="480">

0.999100 -0.014752 -0.039760 -0.000000 0.013609 0.999490 -0.028877 10.083500 0.040166 0.028310 0.998792 -1.000800 0.000000 0.000000 0.000000 1.000000
0.999750 -0.004964 -0.021813 -0.000000 0.004461 0.999725 -0.023042 10.083500 0.021921 0.022939 0.999497 -1.000800 0.000000 0.000000 0.000000 1.000000
0.999999 0.000192 -0.001235 0.000000 -0.000217 0.999785 -0.020756 10.083500 0.001230 0.020756 0.999784 -1.000800 0.000000 0.000000 0.000000 1.000000
0.999857 0.009293 0.014093 0.000000 -0.009026 0.999781 -0.018903 10.083500 -0.014266 0.018773 0.999722 -1.000800 0.000000 0.000000 0.000000 1.000000
0.999494 0.016642 0.027120 0.000000 -0.016020 0.999608 -0.022981 10.083500 -0.027491 0.022535 0.999368 -1.000800 0.000000 0.000000 0.000000 1.000000
0.999107 0.023678 0.034980 0.000000 -0.022601 0.999268 -0.030876 10.083500 -0.035685 0.030058 0.998911 -1.000800 0.000000 0.000000 0.000000 1.000000
0.998713 0.030359 0.040623 0.000000 -0.028770 0.998819 -0.039152 10.083500 -0.041764 0.037933 0.998407 -1.000800 0.000000 0.000000 0.000000 1.000000
0.998458 0.030580 0.046325 0.000000 -0.028861 0.998886 -0.037339 10.083500 -0.047415 0.035944 0.998228 -1.000800 0.000000 0.000000 0.000000 1.000000
0.998472 0.026506 0.048487 0.000000 -0.025018 0.999205 -0.031033 10.083500 -0.049271 0.029772 0.998342 -1.000800 0.000000 0.000000 0.000000 1.000000
0.998580 0.024374 0.047362 0.000000 -0.023172 0.999399 -0.025772 10.083500 -0.047962 0.024638 0.998545 -1.000800 0.000000 0.000000 0.000000 1.000000
0.998739 0.027646 0.041899 0.000000 -0.026856 0.999453 -0.019297 10.083500 -0.042410 0.018147 0.998935 -1.000800 0.000000 0.000000 0.000000 1.000000
0.999013 0.030849 0.031968 0.000000 -0.030259 0.999366 -0.018775 10.083500 -0.032527 0.017789 0.999313 -1.000800 0.000000 0.000000 0.000000 1.000000
0.999132 0.034378 0.023535 0.000000 -0.033851 0.999175 -0.022458 10.083500 -0.024287 0.021642 0.999471 -1.000800 0.000000 0.000000 0.000000 1.000000
0.999165 0.036599 0.018150 0.000000 -0.036150 0.999046 -0.024485 10.083500 -0.019029 0.023809 0.999535 -1.000800 0.000000 0.000000 0.000000 1.000000
0.999411 0.032777 0.010165 0.000000 -0.032509 0.999147 -0.025461 10.083500 -0.010990 0.025115 0.999624 -1.000800 0.000000 0.000000 0.000000 1.000000
0.999626 0.026812 -0.005408 0.000000 -0.026933 0.999355 -0.023772 10.083500 0.004767 0.023909 0.999703 -1.000800 0.000000 0.000000 0.000000 1.000000
0.999510 0.020142 -0.023956 0.000000 -0.020731 0.999483 -0.024592 10.083500 0.023448 0.025076 0.999411 -1.000800 0.000000 0.000000 0.000000 1.000000
0.999036 0.013149 -0.041873 0.000000 -0.014351 0.999490 -0.028536 10.083500 0.041476 0.029110 0.998715 -1.000800 0.000000 0.000000 0.000000 1.000000
0.998482 0.004353 -0.054906 0.000000 -0.006413 0.999279 -0.037409 10.083500 0.054704 0.037704 0.997791 -1.000800 0.000000 0.000000 0.000000 1.000000
0.997916 -0.007145 -0.064123 0.000000 0.003971 0.998767 -0.049486 10.083500 0.064398 0.049128 0.996714 -1.000800 0.000000 0.000000 0.000000 1.000000
0.997181 -0.016458 -0.073210 -0.000000 0.012208 0.998235 -0.058125 10.083500 0.074037 0.057067 0.995621 -1.000800 0.000000 0.000000 0.000000 1.000000
0.996635 -0.017617 -0.080049 0.000000 0.013103 0.998312 -0.056574 10.083500 0.080911 0.055335 0.995184 -1.000800 0.000000 0.000000 0.000000 1.000000
0.996458 -0.012636 -0.083137 0.000000 0.008492 0.998712 -0.050019 10.083500 0.083662 0.049136 0.995282 -1.000800 0.000000 0.000000 0.000000 1.000000
0.996339 -0.007692 -0.085142 0.000000 0.004131 0.999113 -0.041918 10.083500 0.085389 0.041413 0.995487 -1.000800 0.000000 0.000000 0.000000 1.000000
0.996600 -0.009708 -0.081818 0.000000 0.006923 0.999389 -0.034257 10.083500 0.082100 0.033574 0.996058 -1.000800 0.000000 0.000000 0.000000 1.000000
0.996973 -0.011295 -0.076927 0.000000 0.009168 0.999568 -0.027938 10.083500 0.077209 0.027148 0.996645 -1.000800 0.000000 0.000000 0.000000 1.000000
0.997452 -0.017280 -0.069212 0.000000 0.015431 0.999512 -0.027155 10.083500 0.069648 0.026018 0.997232 -1.000800 0.000000 0.000000 0.000000 1.000000
0.997806 -0.024760 -0.061399 0.000000 0.022906 0.999266 -0.030709 10.083500 0.062114 0.029235 0.997641 -1.000800 0.000000 0.000000 0.000000 1.000000
0.998294 -0.025214 -0.052668 0.000000 0.023644 0.999263 -0.030233 10.083500 0.053391 0.028936 0.998154 -1.000800 0.000000 0.000000 0.000000 1.000000
0.999100 -0.014752 -0.039760 0.000000 0.013609 0.999490 -0.028877 10.083500 0.040166 0.028310 0.998792 -1.000800 0.000000 0.000000 0.000000 1.000000</float_array><technique_common><accessor source="#mixamorig_Spine1-Matrix-animation-output-transform-array" count="30" stride="16"><param type="float4x4"/></accessor></technique_common></source><source id="mixamorig_Spine1-Interpolations"><Name_array id="mixamorig_Spine1-Interpolations-array" count="30">
 LINEAR LINEAR LINEAR LINEAR LINEAR LINEAR LINEAR LINEAR LINEAR LINEAR LINEAR
LINEAR LINEAR LINEAR LINEAR LINEAR LINEAR LINEAR LINEAR LINEAR LINEAR LINEAR LINEAR
LINEAR LINEAR LINEAR LINEAR LINEAR LINEAR LINEAR</Name_array><technique_common><accessor source="#mixamorig_Spine1-Interpolations-array" count="30"><param type="name"/></accessor></technique_common></source><sampler id="mixamorig_Spine1-Matrix-animation-transform"><input semantic="INPUT" source="#mixamorig_Spine1-Matrix-animation-input"/><input semantic="OUTPUT" source="#mixamorig_Spine1-Matrix-animation-output-transform"/><input semantic="INTERPOLATION" source="#mixamorig_Spine1-Interpolations"/></sampler><channel source="#mixamorig_Spine1-Matrix-animation-transform" target="mixamorig_Spine1/matrix"/></animation>
    <animation id="mixamorig_Spine2-anim" name="mixamorig_Spine2"><source id="mixamorig_Spine2-Matrix-animation-input"><float_array id="mixamorig_Spine2-Matrix-animation-input-array" count="30">

0.000000 0.033333 0.066667 0.100000 0.133333 0.166667 0.200000 0.233333 0.266667 0.300000 0.333333 0.366667 0.400000 0.433333 0.466667 0.500000
0.533333 0.566667 0.600000 0.633333 0.666667 0.700000 0.733333 0.766667 0.800000 0.833333 0.866667 0.900000 0.933333 0.966667</float_array><technique_common><accessor source="#mixamorig_Spine2-Matrix-animation-input-array" count="30"><param name="TIME" type="float"/></accessor></technique_common></source><source id="mixamorig_Spine2-Matrix-animation-output-transform"><float_array id="mixamorig_Spine2-Matrix-animation-output-transform-array" count="480">

0.999195 -0.004393 -0.039871 -0.000000 0.006425 0.998680 0.050966 9.100000 0.039595 -0.051181 0.997904 -1.373400 0.000000 0.000000 0.000000 1.000000
0.999754 0.004950 -0.021631 -0.000000 -0.003729 0.998417 0.056119 9.100000 0.021874 -0.056025 0.998190 -1.373400 0.000000 0.000000 0.000000 1.000000
0.999955 0.009425 -0.001067 -0.000000 -0.009348 0.998286 0.057775 9.100000 0.001610 -0.057762 0.998329 -1.373400 0.000000 0.000000 0.000000 1.000000
0.999733 0.017862 0.014631 0.000000 -0.018699 0.998069 0.059237 9.100000 -0.013545 -0.059495 0.998137 -1.373400 0.000000 0.000000 0.000000 1.000000
0.999304 0.024499 0.028133 -0.000000 -0.026012 0.998161 0.054750 9.100000 -0.026740 -0.055444 0.998104 -1.373400 0.000000 0.000000 0.000000 1.000000
0.998849 0.030958 0.036650 0.000000 -0.032646 0.998389 0.046410 9.100000 -0.035154 -0.047553 0.998250 -1.373400 0.000000 0.000000 0.000000 1.000000
0.998388 0.036892 0.043131 0.000000 -0.038527 0.998546 0.037703 9.100000 -0.041678 -0.039304 0.998358 -1.373400 0.000000 0.000000 0.000000 1.000000
0.998132 0.036682 0.048851 0.000000 -0.038620 0.998480 0.039334 9.100000 -0.047333 -0.041147 0.998031 -1.373400 0.000000 0.000000 0.000000 1.000000
0.998201 0.032692 0.050254 0.000000 -0.035011 0.998329 0.045979 9.100000 -0.048667 -0.047656 0.997678 -1.373400 0.000000 0.000000 0.000000 1.000000
0.998341 0.030891 0.048584 0.000000 -0.033396 0.998108 0.051617 9.100000 -0.046897 -0.053154 0.997485 -1.373400 0.000000 0.000000 0.000000 1.000000
0.998475 0.034838 0.042834 0.000000 -0.037313 0.997596 0.058401 9.100000 -0.040697 -0.059911 0.997374 -1.373400 0.000000 0.000000 0.000000 1.000000
0.998724 0.038715 0.032415 0.000000 -0.040587 0.997418 0.059249 9.100000 -0.030038 -0.060489 0.997717 -1.373400 0.000000 0.000000 0.000000 1.000000
0.998809 0.042646 0.023707 -0.000000 -0.043911 0.997482 0.055689 9.100000 -0.021272 -0.056664 0.998167 -1.373400 0.000000 0.000000 0.000000 1.000000
0.998815 0.045094 0.018331 0.000000 -0.046018 0.997501 0.053612 9.100000 -0.015868 -0.054392 0.998394 -1.373400 0.000000 0.000000 0.000000 1.000000
0.999087 0.041458 0.010285 -0.000000 -0.041944 0.997730 0.052692 9.100000 -0.008077 -0.053075 0.998558 -1.373400 0.000000 0.000000 0.000000 1.000000
0.999346 0.035768 -0.005238 0.000000 -0.035429 0.997878 0.054629 9.100000 0.007181 -0.054407 0.998493 -1.373400 0.000000 0.000000 0.000000 1.000000
0.999282 0.029667 -0.023583 -0.000000 -0.028354 0.998128 0.054197 9.100000 0.025147 -0.053489 0.998252 -1.373400 0.000000 0.000000 0.000000 1.000000
0.998865 0.023541 -0.041413 0.000000 -0.021426 0.998478 0.050813 9.100000 0.042546 -0.049868 0.997849 -1.373400 0.000000 0.000000 0.000000 1.000000
0.998368 0.015709 -0.054910 0.000000 -0.013403 0.999022 0.042127 9.100000 0.055518 -0.041322 0.997602 -1.373400 0.000000 0.000000 0.000000 1.000000
0.997872 0.005224 -0.064995 0.000000 -0.003298 0.999553 0.029704 9.100000 0.065122 -0.029427 0.997443 -1.373400 0.000000 0.000000 0.000000 1.000000
0.997196 -0.002927 -0.074774 -0.000000 0.004478 0.999778 0.020580 9.100000 0.074697 -0.020857 0.996988 -1.373400 0.000000 0.000000 0.000000 1.000000
0.996655 -0.003828 -0.081630 -0.000000 0.005642 0.999742 0.022002 9.100000 0.081524 -0.022389 0.996420 -1.373400 0.000000 0.000000 0.000000 1.000000
0.996446 0.001046 -0.084229 0.000000 0.001407 0.999577 0.029062 9.100000 0.084223 -0.029077 0.996023 -1.373400 0.000000 0.000000 0.000000 1.000000
0.996303 0.005895 -0.085711 0.000000 -0.002667 0.999285 0.037725 9.100000 0.085872 -0.037357 0.995606 -1.373400 0.000000 0.000000 0.000000 1.000000
0.996611 0.003318 -0.082187 0.000000 0.000457 0.998947 0.045868 9.100000 0.082253 -0.045750 0.995561 -1.373400 0.000000 0.000000 0.000000 1.000000
0.997044 0.001176 -0.076829 0.000000 0.002910 0.998588 0.053050 9.100000 0.076783 -0.053116 0.995632 -1.373400 0.000000 0.000000 0.000000 1.000000
0.997595 -0.005223 -0.069118 -0.000000 0.008980 0.998492 0.054153 9.100000 0.068731 -0.054643 0.996138 -1.373400 0.000000 0.000000 0.000000 1.000000
0.998001 -0.012844 -0.061878 0.000000 0.015967 0.998609 0.050249 9.100000 0.061146 -0.051137 0.996818 -1.373400 0.000000 0.000000 0.000000 1.000000
0.998484 -0.014068 -0.053221 0.000000 0.016742 0.998602 0.050135 9.100000 0.052442 -0.050950 0.997323 -1.373400 0.000000 0.000000 0.000000 1.000000
0.999195 -0.004393 -0.039871 0.000000 0.006425 0.998680 0.050966 9.100000 0.039595 -0.051181 0.997904 -1.373400 0.000000 0.000000 0.000000 1.000000</float_array><technique_common><accessor source="#mixamorig_Spine2-Matrix-animation-output-transform-array" count="30" stride="16"><param type="float4x4"/></accessor></technique_common></source><source id="mixamorig_Spine2-Interpolations"><Name_array id="mixamorig_Spine2-Interpolations-array" count="30">
 LINEAR LINEAR LINEAR LINEAR LINEAR LINEAR LINEAR LINEAR LINEAR LINEAR LINEAR
LINEAR LINEAR LINEAR LINEAR LINEAR LINEAR LINEAR LINEAR LINEAR LINEAR LINEAR LINEAR
LINEAR LINEAR LINEAR LINEAR LINEAR LINEAR LINEAR</Name_array><technique_common><accessor source="#mixamorig_Spine2-Interpolations-array" count="30"><param type="name"/></accessor></technique_common></source><sampler id="mixamorig_Spine2-Matrix-animation-transform"><input semantic="INPUT" source="#mixamorig_Spine2-Matrix-animation-input"/><input semantic="OUTPUT" source="#mixamorig_Spine2-Matrix-animation-output-transform"/><input semantic="INTERPOLATION" source="#mixamorig_Spine2-Interpolations"/></sampler><channel source="#mixamorig_Spine2-Matrix-animation-transform" target="mixamorig_Spine2/matrix"/></animation>
    <animation id="mixamorig_Neck-anim" name="mixamorig_Neck"><source id="mixamorig_Neck-Matrix-animation-input"><float_array id="mixamorig_Neck-Matrix-animation-input-array" count="30">

0.000000 0.033333 0.066667 0.100000 0.133333 0.166667 0.200000 0.233333 0.266667 0.300000 0.333333 0.366667 0.400000 0.433333 0.466667 0.500000
0.533333 0.566667 0.600000 0.633333 0.666667 0.700000 0.733333 0.766667 0.800000 0.833333 0.866667 0.900000 0.933333 0.966667</float_array><technique_common><accessor source="#mixamorig_Neck-Matrix-animation-input-array" count="30"><param name="TIME" type="float"/></accessor></technique_common></source><source id="mixamorig_Neck-Matrix-animation-output-transform"><float_array id="mixamorig_Neck-Matrix-animation-output-transform-array" count="480">

0.999651 0.017169 -0.020092 0.000000 -0.015963 0.998146 0.058730 16.671700 0.021063 -0.058388 0.998072 -2.516200 0.000000 0.000000 0.000000 1.000000
0.999657 0.012774 -0.022852 -0.000000 -0.011595 0.998631 0.051004 16.671700 0.023473 -0.050721 0.998437 -2.516200 0.000000 0.000000 0.000000 1.000000
0.999580 0.019045 -0.021836 0.000000 -0.017833 0.998358 0.054439 16.671700 0.022837 -0.054027 0.998278 -2.516200 0.000000 0.000000 0.000000 1.000000
0.999497 0.026028 -0.018133 0.000000 -0.024876 0.997823 0.061084 16.671700 0.019684 -0.060603 0.997968 -2.516200 0.000000 0.000000 0.000000 1.000000
0.999148 0.039470 -0.012017 0.000000 -0.038506 0.996664 0.071966 16.671700 0.014818 -0.071442 0.997335 -2.516200 0.000000 0.000000 0.000000 1.000000
0.998739 0.049698 -0.007127 0.000000 -0.048931 0.995302 0.083543 16.671700 0.011245 -0.083089 0.996479 -2.516200 0.000000 0.000000 0.000000 1.000000
0.998585 0.052922 -0.005308 0.000000 -0.052227 0.994534 0.090417 16.671700 0.010064 -0.090012 0.995890 -2.516200 0.000000 0.000000 0.000000 1.000000
0.998641 0.051890 -0.004908 0.000000 -0.051240 0.994641 0.089797 16.671700 0.009541 -0.089423 0.995948 -2.516200 0.000000 0.000000 0.000000 1.000000
0.998876 0.047037 -0.005929 -0.000000 -0.046378 0.995425 0.083536 16.671700 0.009831 -0.083167 0.996487 -2.516200 0.000000 0.000000 0.000000 1.000000
0.999116 0.041379 -0.007393 0.000000 -0.040668 0.996054 0.078888 16.671700 0.010628 -0.078518 0.996856 -2.516200 0.000000 0.000000 0.000000 1.000000
0.999164 0.040216 -0.007352 -0.000000 -0.039519 0.996154 0.078204 16.671700 0.010468 -0.077848 0.996910 -2.516200 0.000000 0.000000 0.000000 1.000000
0.998930 0.046016 -0.004576 -0.000000 -0.045480 0.995529 0.082791 16.671700 0.008365 -0.082495 0.996556 -2.516200 0.000000 0.000000 0.000000 1.000000
0.998565 0.053524 -0.001513 0.000000 -0.053175 0.994573 0.089427 16.671700 0.006291 -0.089218 0.995992 -2.516200 0.000000 0.000000 0.000000 1.000000
0.998250 0.059115 0.001656 0.000000 -0.059027 0.994281 0.088997 16.671700 0.003615 -0.088939 0.996031 -2.516200 0.000000 0.000000 0.000000 1.000000
0.998143 0.060620 0.005966 0.000000 -0.060906 0.994675 0.083137 16.671700 -0.000894 -0.083346 0.996520 -2.516200 0.000000 0.000000 0.000000 1.000000
0.998240 0.058502 0.009737 0.000000 -0.059059 0.995569 0.073168 16.671700 -0.005414 -0.073614 0.997272 -2.516200 0.000000 0.000000 0.000000 1.000000
0.998424 0.054899 0.011667 0.000000 -0.055550 0.996289 0.065745 16.671700 -0.008014 -0.066289 0.997768 -2.516200 0.000000 0.000000 0.000000 1.000000
0.998900 0.045869 0.009752 0.000000 -0.046408 0.996795 0.065162 16.671700 -0.006732 -0.065543 0.997827 -2.516200 0.000000 0.000000 0.000000 1.000000
0.999237 0.038482 0.006669 0.000000 -0.038865 0.996605 0.072576 16.671700 -0.003853 -0.072779 0.997341 -2.516200 0.000000 0.000000 0.000000 1.000000
0.999424 0.033748 0.003636 0.000000 -0.033936 0.995737 0.085768 16.671700 -0.000726 -0.085842 0.996308 -2.516200 0.000000 0.000000 0.000000 1.000000
0.999544 0.030172 0.001134 0.000000 -0.030140 0.994850 0.096770 16.671700 0.001792 -0.096760 0.995306 -2.516200 0.000000 0.000000 0.000000 1.000000
0.999581 0.028917 -0.000810 0.000000 -0.028705 0.994924 0.096452 16.671700 0.003595 -0.096389 0.995337 -2.516200 0.000000 0.000000 0.000000 1.000000
0.999545 0.030134 -0.001203 0.000000 -0.029917 0.995785 0.086706 16.671700 0.003811 -0.086631 0.996233 -2.516200 0.000000 0.000000 0.000000 1.000000
0.999470 0.032544 0.000049 0.000000 -0.032446 0.996368 0.078733 16.671700 0.002514 -0.078692 0.996896 -2.516200 0.000000 0.000000 0.000000 1.000000
0.999305 0.037272 0.000964 0.000000 -0.037234 0.996286 0.077645 16.671700 0.001934 -0.077627 0.996981 -2.516200 0.000000 0.000000 0.000000 1.000000
0.999280 0.037935 0.000671 0.000000 -0.037878 0.996478 0.074810 16.671700 0.002170 -0.074782 0.997198 -2.516200 0.000000 0.000000 0.000000 1.000000
0.999305 0.037254 -0.001210 0.000000 -0.037054 0.996400 0.076247 16.671700 0.004046 -0.076149 0.997088 -2.516200 0.000000 0.000000 0.000000 1.000000
0.999437 0.033139 -0.005167 0.000000 -0.032661 0.996678 0.074608 16.671700 0.007622 -0.074397 0.997200 -2.516200 0.000000 0.000000 0.000000 1.000000
0.999485 0.029992 -0.011399 0.000000 -0.029125 0.997133 0.069840 16.671700 0.013461 -0.069472 0.997493 -2.516200 0.000000 0.000000 0.000000 1.000000
0.999651 0.017169 -0.020092 -0.000000 -0.015963 0.998146 0.058730 16.671700 0.021063 -0.058388 0.998072 -2.516200 0.000000 0.000000 0.000000 1.000000</float_array><technique_common><accessor source="#mixamorig_Neck-Matrix-animation-output-transform-array" count="30" stride="16"><param type="float4x4"/></accessor></technique_common></source><source id="mixamorig_Neck-Interpolations"><Name_array id="mixamorig_Neck-Interpolations-array" count="30">
 LINEAR LINEAR LINEAR LINEAR LINEAR LINEAR LINEAR LINEAR LINEAR LINEAR LINEAR
LINEAR LINEAR LINEAR LINEAR LINEAR LINEAR LINEAR LINEAR LINEAR LINEAR LINEAR LINEAR
LINEAR LINEAR LINEAR LINEAR LINEAR LINEAR LINEAR</Name_array><technique_common><accessor source="#mixamorig_Neck-Interpolations-array" count="30"><param type="name"/></accessor></technique_common></source><sampler id="mixamorig_Neck-Matrix-animation-transform"><input semantic="INPUT" source="#mixamorig_Neck-Matrix-animation-input"/><input semantic="OUTPUT" source="#mixamorig_Neck-Matrix-animation-output-transform"/><input semantic="INTERPOLATION" source="#mixamorig_Neck-Interpolations"/></sampler><channel source="#mixamorig_Neck-Matrix-animation-transform" target="mixamorig_Neck/matrix"/></animation>
    <animation id="mixamorig_Head-anim" name="mixamorig_Head"><source id="mixamorig_Head-Matrix-animation-input"><float_array id="mixamorig_Head-Matrix-animation-input-array" count="30">

0.000000 0.033333 0.066667 0.100000 0.133333 0.166667 0.200000 0.233333 0.266667 0.300000 0.333333 0.366667 0.400000 0.433333 0.466667 0.500000
0.533333 0.566667 0.600000 0.633333 0.666667 0.700000 0.733333 0.766667 0.800000 0.833333 0.866667 0.900000 0.933333 0.966667</float_array><technique_common><accessor source="#mixamorig_Head-Matrix-animation-input-array" count="30"><param name="TIME" type="float"/></accessor></technique_common></source><source id="mixamorig_Head-Matrix-animation-output-transform"><float_array id="mixamorig_Head-Matrix-animation-output-transform-array" count="480">

0.997739 -0.005402 -0.066997 -0.000000 0.006991 0.999699 0.023496 9.617900 0.066850 -0.023911 0.997476 1.685000 0.000000 0.000000 0.000000 1.000000
0.997133 -0.014698 -0.074225 -0.000000 0.015232 0.999862 0.006634 9.617900 0.074117 -0.007745 0.997219 1.685000 0.000000 0.000000 0.000000 1.000000
0.996778 -0.016717 -0.078449 0.000000 0.016540 0.999859 -0.002910 9.617900 0.078486 0.001603 0.996914 1.685000 0.000000 0.000000 0.000000 1.000000
0.997361 -0.013776 -0.071277 0.000000 0.013481 0.999898 -0.004614 9.617900 0.071334 0.003640 0.997446 1.685000 0.000000 0.000000 0.000000 1.000000
0.997983 -0.007778 -0.062996 0.000000 0.007746 0.999970 -0.000751 9.617900 0.063000 0.000262 0.998014 1.685000 0.000000 0.000000 0.000000 1.000000
0.998450 -0.001014 -0.055649 0.000000 0.001473 0.999965 0.008198 9.617900 0.055639 -0.008268 0.998417 1.685000 0.000000 0.000000 0.000000 1.000000
0.998653 0.008668 -0.051160 0.000000 -0.007715 0.999793 0.018810 9.617900 0.051313 -0.018390 0.998513 1.685000 0.000000 0.000000 0.000000 1.000000
0.998745 0.018962 -0.046357 0.000000 -0.018217 0.999699 0.016442 9.617900 0.046655 -0.015577 0.998790 1.685000 0.000000 0.000000 0.000000 1.000000
0.998765 0.025933 -0.042384 0.000000 -0.025758 0.999657 0.004687 9.617900 0.042491 -0.003589 0.999090 1.685000 0.000000 0.000000 0.000000 1.000000
0.998939 0.022368 -0.040254 0.000000 -0.022763 0.999697 -0.009374 9.617900 0.040032 0.010281 0.999146 1.685000 0.000000 0.000000 0.000000 1.000000
0.999106 0.017086 -0.038668 -0.000000 -0.017586 0.999766 -0.012608 9.617900 0.038443 0.013277 0.999173 1.685000 0.000000 0.000000 0.000000 1.000000
0.999299 0.010978 -0.035798 -0.000000 -0.010994 0.999940 -0.000265 9.617900 0.035793 0.000658 0.999359 1.685000 0.000000 0.000000 0.000000 1.000000
0.999393 0.004343 -0.034556 0.000000 -0.003813 0.999875 0.015376 9.617900 0.034618 -0.015235 0.999284 1.685000 0.000000 0.000000 0.000000 1.000000
0.999565 0.005218 -0.029040 0.000000 -0.004422 0.999614 0.027420 9.617900 0.029172 -0.027280 0.999202 1.685000 0.000000 0.000000 0.000000 1.000000
0.999840 0.014446 -0.010534 0.000000 -0.014092 0.999357 0.032967 9.617900 0.011004 -0.032813 0.999401 1.685000 0.000000 0.000000 0.000000 1.000000
0.999685 0.022379 0.011401 0.000000 -0.022738 0.999216 0.032394 9.617900 -0.010667 -0.032643 0.999410 1.685000 0.000000 0.000000 0.000000 1.000000
0.999347 0.024340 0.026703 0.000000 -0.025042 0.999341 0.026286 9.617900 -0.026046 -0.026937 0.999298 1.685000 0.000000 0.000000 0.000000 1.000000
0.999236 0.022042 0.032273 0.000000 -0.022816 0.999456 0.023825 9.617900 -0.031730 -0.024543 0.999195 1.685000 0.000000 0.000000 0.000000 1.000000
0.999407 0.017363 0.029741 0.000000 -0.018162 0.999476 0.026788 9.617900 -0.029261 -0.027312 0.999199 1.685000 0.000000 0.000000 0.000000 1.000000
0.999616 0.014396 0.023694 0.000000 -0.015265 0.999203 0.036884 9.617900 -0.023144 -0.037232 0.999039 1.685000 0.000000 0.000000 0.000000 1.000000
0.999763 0.011704 0.018369 -0.000000 -0.012483 0.999001 0.042898 9.617900 -0.017849 -0.043117 0.998911 1.685000 0.000000 0.000000 0.000000 1.000000
0.999917 0.006938 0.010828 0.000000 -0.007361 0.999191 0.039528 9.617900 -0.010545 -0.039604 0.999160 1.685000 0.000000 0.000000 0.000000 1.000000
0.999978 0.003282 0.005840 0.000000 -0.003452 0.999561 0.029418 9.617900 -0.005740 -0.029438 0.999550 1.685000 0.000000 0.000000 0.000000 1.000000
0.999973 0.001334 0.007247 0.000000 -0.001429 0.999912 0.013168 9.617900 -0.007229 -0.013178 0.999887 1.685000 0.000000 0.000000 0.000000 1.000000
0.999971 0.005869 0.004864 -0.000000 -0.005863 0.999982 -0.001285 9.617900 -0.004871 0.001256 0.999987 1.685000 0.000000 0.000000 0.000000 1.000000
0.999857 0.016572 0.003437 0.000000 -0.016579 0.999861 0.001981 9.617900 -0.003404 -0.002038 0.999992 1.685000 0.000000 0.000000 0.000000 1.000000
0.999717 0.023529 -0.003611 -0.000000 -0.023483 0.999649 0.012286 9.617900 0.003899 -0.012197 0.999918 1.685000 0.000000 0.000000 0.000000 1.000000
0.999628 0.021981 -0.016146 0.000000 -0.021667 0.999577 0.019388 9.617900 0.016565 -0.019031 0.999682 1.685000 0.000000 0.000000 0.000000 1.000000
0.999041 0.008367 -0.042982 0.000000 -0.007396 0.999715 0.022699 9.617900 0.043160 -0.022360 0.998818 1.685000 0.000000 0.000000 0.000000 1.000000
0.997739 -0.005402 -0.066997 -0.000000 0.006991 0.999699 0.023496 9.617900 0.066850 -0.023911 0.997476 1.685000 0.000000 0.000000 0.000000 1.000000</float_array><technique_common><accessor source="#mixamorig_Head-Matrix-animation-output-transform-array" count="30" stride="16"><param type="float4x4"/></accessor></technique_common></source><source id="mixamorig_Head-Interpolations"><Name_array id="mixamorig_Head-Interpolations-array" count="30">
 LINEAR LINEAR LINEAR LINEAR LINEAR LINEAR LINEAR LINEAR LINEAR LINEAR LINEAR
LINEAR LINEAR LINEAR LINEAR LINEAR LINEAR LINEAR LINEAR LINEAR LINEAR LINEAR LINEAR
LINEAR LINEAR LINEAR LINEAR LINEAR LINEAR LINEAR</Name_array><technique_common><accessor source="#mixamorig_Head-Interpolations-array" count="30"><param type="name"/></accessor></technique_common></source><sampler id="mixamorig_Head-Matrix-animation-transform"><input semantic="INPUT" source="#mixamorig_Head-Matrix-animation-input"/><input semantic="OUTPUT" source="#mixamorig_Head-Matrix-animation-output-transform"/><input semantic="INTERPOLATION" source="#mixamorig_Head-Interpolations"/></sampler><channel source="#mixamorig_Head-Matrix-animation-transform" target="mixamorig_Head/matrix"/></animation>
    <animation id="mixamorig_LeftShoulder-anim" name="mixamorig_LeftShoulder"><source id="mixamorig_LeftShoulder-Matrix-animation-input"><float_array id="mixamorig_LeftShoulder-Matrix-animation-input-array" count="30">

0.000000 0.033333 0.066667 0.100000 0.133333 0.166667 0.200000 0.233333 0.266667 0.300000 0.333333 0.366667 0.400000 0.433333 0.466667 0.500000
0.533333 0.566667 0.600000 0.633333 0.666667 0.700000 0.733333 0.766667 0.800000 0.833333 0.866667 0.900000 0.933333 0.966667</float_array><technique_common><accessor source="#mixamorig_LeftShoulder-Matrix-animation-input-array" count="30"><param name="TIME" type="float"/></accessor></technique_common></source><source id="mixamorig_LeftShoulder-Matrix-animation-output-transform"><float_array id="mixamorig_LeftShoulder-Matrix-animation-output-transform-array" count="480">

0.932622 -0.051126 -0.357215 4.570400 0.002801 0.990908 -0.134510 10.946000 0.360844 0.124446 0.924286 -2.628000 0.000000 0.000000 0.000000 1.000000
0.932599 -0.039616 -0.358734 4.570400 -0.008465 0.991283 -0.131478 10.946000 0.360815 0.125653 0.924134 -2.628000 0.000000 0.000000 0.000000 1.000000
0.940459 -0.003944 -0.339883 4.570400 -0.040331 0.991574 -0.123104 10.946000 0.337505 0.129482 0.932376 -2.628000 0.000000 0.000000 0.000000 1.000000
0.955880 0.035554 -0.291599 4.570400 -0.072304 0.990586 -0.116238 10.946000 0.284721 0.132194 0.949452 -2.628000 0.000000 0.000000 0.000000 1.000000
